Map_Squares_Cloud.png 6 42 96 672

75 60 16 16

cloud_lvl_music.ogg

44  109  110  111  112  113  114  110  111  112  113  114  109  110  111  112  
113  114  109  110  111  112  113  114  44  44  44  44  113  114  109  110  
111  112  113  114  109  110  111  112  113  114  109  110  111  112  113  114  
109  110  111  112  113  114  109  110  111  112  113  114  109  110  111  112  
113  114  109  110  111  112  113  114  109  110  44 
187  115  116  117  118  119  120  116  117  118  119  120  115  116  117  118  
119  120  115  116  145  146  147  1  2  3  4  5  6  184  185  186  
117  118  119  120  115  116  117  118  119  120  115  116  117  118  119  120  
115  116  117  118  119  120  115  116  117  118  119  120  115  116  117  118  
119  120  115  116  117  145  146  147  148  149  150 
193  121  122  123  124  125  126  122  123  124  125  126  121  122  123  124  
125  126  121  122  151  152  153  7  8  9  10  11  12  190  191  192  
123  124  125  126  121  122  123  124  125  126  121  122  123  124  125  126  
121  122  123  124  125  126  121  122  123  124  125  126  121  122  123  124  
125  126  121  122  123  151  152  153  154  155  156 
199  127  128  129  130  131  132  128  129  130  131  132  37  38  39  130  
131  132  127  128  157  158  159  13  14  15  16  17  18  196  197  198  
129  130  131  132  127  128  129  130  131  132  127  128  129  130  131  132  
127  128  129  130  131  132  127  128  129  130  131  132  127  128  129  130  
131  132  127  128  129  157  158  159  160  161  162 
205  133  134  135  136  137  138  134  135  136  137  138  43  44  45  136  
137  138  133  134  163  164  165  19  20  21  22  23  24  202  203  204  
135  136  137  138  133  134  135  136  137  138  133  134  135  136  137  138  
133  134  135  136  137  138  133  134  135  136  137  138  133  134  135  136  
137  138  133  134  135  163  164  165  166  167  168 
211  139  140  141  142  143  144  140  141  142  143  144  49  50  51  142  
143  144  139  140  169  170  171  25  26  27  28  29  30  208  209  210  
141  142  143  144  139  140  141  142  143  144  139  140  141  142  143  144  
139  140  141  142  143  144  139  140  141  142  143  144  139  140  141  142  
143  144  139  140  141  169  170  171  172  173  174 
181  182  183  184  185  186  73  74  75  76  77  78  73  74  75  76  
77  78  73  74  175  176  177  31  32  33  34  35  36  214  215  216  
75  76  77  78  73  74  75  76  77  78  73  74  75  76  77  78  
73  74  75  76  77  78  73  74  75  76  77  78  73  74  75  76  
77  78  73  74  75  76  77  78  178  179  180 
187  188  189  190  191  192  79  80  81  82  83  84  79  80  81  82  
83  84  79  80  145  146  147  148  149  150  44  182  183  184  185  186  
81  82  83  84  73  74  75  76  77  78  79  80  81  82  83  84  
79  80  81  82  83  84  79  80  81  82  83  84  79  80  81  82  
83  84  79  80  81  82  83  84  154  155  156 
193  194  195  196  197  198  85  86  87  88  89  90  85  86  87  88  
89  90  85  86  151  152  153  154  155  150  181  188  189  190  191  192  
87  88  89  90  79  40  41  42  40  41  42  40  41  42  89  90  
85  86  87  88  89  40  41  42  40  41  42  40  41  42  87  88  
89  90  85  86  87  88  89  90  160  161  162 
199  200  201  202  203  204  91  92  93  94  95  96  91  92  93  94  
95  96  91  92  157  158  159  160  161  150  181  194  195  196  197  198  
73  74  75  76  85  46  47  48  46  47  48  46  47  48  95  96  
91  92  93  94  95  46  47  48  46  47  48  46  47  48  93  94  
95  96  91  92  93  94  95  96  166  167  168 
205  206  207  208  209  210  37  38  39  100  101  102  97  98  99  100  
101  102  97  98  163  164  165  166  167  150  181  200  201  202  203  204  
79  80  81  82  91  52  53  54  52  53  54  52  53  54  101  102  
97  98  99  100  101  52  53  54  52  53  54  52  53  54  99  100  
101  102  97  98  99  100  101  102  172  173  174 
211  212  213  214  215  216  43  44  45  106  107  108  103  104  105  106  
107  108  103  104  169  170  171  172  173  150  181  206  207  208  209  210  
85  86  87  88  97  58  59  60  58  59  60  58  59  60  107  108  
103  104  105  106  107  58  59  60  58  59  60  58  59  60  105  106  
107  108  103  104  105  106  107  108  178  179  180 
181  182  183  184  185  186  49  50  51  76  77  78  73  74  75  76  
77  37  38  39  175  176  177  1  2  3  4  5  6  214  215  216  
91  92  73  74  75  64  65  66  64  65  66  64  65  66  77  78  
73  74  75  76  77  64  65  66  64  65  66  64  65  66  74  75  
76  73  74  75  76  77  78  147  148  149  150 
187  188  189  190  191  192  79  80  81  82  83  84  79  80  81  82  
83  43  44  45  145  146  147  7  8  9  10  11  12  184  185  186  
97  98  79  80  81  70  71  72  70  71  72  70  71  72  83  84  
79  80  81  82  83  70  71  72  70  71  72  70  71  72  80  81  
82  79  80  81  82  83  84  153  154  155  156 
193  194  195  196  197  198  85  86  87  88  89  90  85  86  87  88  
89  49  50  51  151  152  153  13  14  15  16  17  18  190  191  192  
103  104  85  86  87  88  89  90  82  83  73  74  75  76  77  78  
78  86  87  88  89  90  85  86  87  88  89  90  90  85  86  87  
88  85  86  87  88  89  90  159  160  161  162 
199  200  201  202  203  204  91  92  93  94  95  96  91  92  93  94  
95  96  91  92  157  158  159  19  20  21  22  23  24  196  197  198  
93  73  91  92  93  94  95  96  88  89  79  80  81  82  83  84  
84  92  93  94  95  96  91  92  93  94  95  96  96  91  92  93  
94  91  92  93  94  95  96  165  166  167  168 
205  206  207  208  209  210  97  98  99  100  101  102  97  98  99  100  
101  102  97  98  163  164  165  25  26  27  28  29  30  202  203  204  
146  79  97  98  99  100  101  102  94  95  73  74  75  76  77  78  
90  98  99  73  74  75  76  77  78  100  101  102  102  97  98  99  
100  97  98  99  100  101  102  171  172  173  174 
211  212  213  214  215  216  73  74  75  76  77  78  103  104  105  106  
107  108  103  104  169  170  171  31  32  33  34  35  36  208  209  210  
77  78  103  104  73  74  75  76  77  78  79  80  81  82  83  84  
96  104  105  79  80  81  82  83  84  106  107  108  108  103  104  105  
106  103  104  105  106  107  108  177  178  179  180 
181  182  183  184  185  186  79  80  81  82  83  84  73  74  75  76  
77  78  73  74  175  176  177  178  179  150  181  212  213  214  215  216  
83  84  92  93  79  80  81  82  83  84  85  40  41  42  89  90  
102  74  75  85  86  40  41  42  90  76  77  78  73  74  37  38  
39  75  76  77  78  145  146  147  148  149  150 
187  188  189  190  191  192  85  86  87  88  89  90  37  38  39  82  
83  84  79  80  145  146  147  148  149  150  181  182  183  184  185  73  
74  75  76  77  85  86  87  88  89  90  91  46  47  48  95  96  
108  80  81  91  92  46  47  48  96  82  83  84  79  80  43  44  
45  81  82  83  84  151  152  153  154  155  156 
193  194  195  196  197  198  91  92  93  94  95  96  43  44  45  88  
89  90  85  86  151  152  153  154  155  150  181  188  189  190  191  79  
80  81  82  83  91  92  93  94  95  96  73  52  53  54  77  78  
85  86  87  73  74  52  53  54  78  88  89  90  85  86  49  50  
51  87  88  89  90  157  158  159  160  161  162 
199  200  201  202  203  204  97  98  99  100  101  102  49  50  51  94  
95  96  91  92  157  158  159  160  161  150  181  194  195  196  197  85  
86  87  88  89  97  98  99  100  101  102  79  58  59  60  83  84  
91  92  93  79  80  58  59  60  84  94  95  96  91  92  93  91  
92  93  94  95  96  163  164  165  166  167  168 
205  206  207  208  209  210  103  104  105  106  107  108  97  98  99  100  
101  102  97  98  163  164  165  166  167  150  181  200  201  202  203  91  
92  93  94  95  103  104  105  106  107  108  85  64  65  66  89  90  
97  98  99  85  86  64  65  66  90  100  101  102  97  98  99  97  
98  99  100  101  102  169  170  171  172  173  174 
211  212  213  214  215  216  103  104  105  106  107  108  103  104  105  106  
107  108  103  104  169  170  171  172  173  150  181  206  207  208  209  97  
98  99  100  101  102  92  93  94  95  96  91  70  71  72  95  96  
103  104  105  91  92  70  71  72  96  106  107  108  103  104  105  103  
104  105  106  107  108  175  176  177  178  179  180 
181  182  183  184  185  186  73  74  75  76  77  78  73  74  75  76  
77  78  73  74  175  176  177  178  179  150  181  212  213  214  215  103  
104  37  38  39  108  98  99  100  101  102  97  98  99  100  101  102  
73  74  75  97  73  74  75  76  77  78  77  78  73  74  75  76  
73  74  75  76  77  78  146  147  148  149  150 
187  188  189  190  191  192  79  80  81  82  83  84  79  80  81  82  
83  84  79  80  145  146  147  1  2  3  4  5  6  184  185  186  
103  43  44  45  103  104  105  106  107  108  103  104  73  74  75  76  
77  78  81  103  79  80  81  82  83  84  83  84  79  80  81  82  
79  80  81  82  83  84  152  153  154  155  156 
193  194  195  196  197  198  85  86  87  88  89  90  85  86  87  88  
89  90  85  86  151  152  153  7  8  9  10  11  12  190  191  192  
87  49  50  51  98  99  100  101  73  74  75  76  79  80  81  82  
83  84  87  88  85  86  87  88  89  90  89  90  85  86  87  88  
85  86  87  88  89  90  158  159  160  161  162 
199  200  201  202  203  204  37  38  39  94  95  96  91  92  93  94  
95  96  91  92  157  158  159  13  14  15  16  17  18  196  197  198  
93  94  95  103  104  105  106  107  79  80  81  82  85  86  87  88  
89  90  73  74  75  76  73  74  75  76  77  78  91  92  93  94  
91  92  93  94  95  96  164  165  166  167  168 
205  206  207  208  209  210  43  44  45  100  101  102  97  98  99  100  
37  38  39  98  163  164  165  19  20  21  22  23  24  202  203  204  
99  100  101  102  97  98  99  100  85  86  87  40  41  42  93  94  
95  96  78  80  81  40  41  42  81  82  83  84  97  98  99  100  
97  98  99  100  101  102  170  171  172  173  174 
211  212  213  214  215  216  49  50  51  106  107  108  103  104  105  106  
43  44  45  104  169  170  171  25  26  27  28  29  30  208  209  210  
105  106  107  108  103  104  105  106  91  92  93  46  47  48  99  100  
101  102  84  86  87  46  47  48  87  88  89  90  103  104  105  37  
38  39  105  106  107  108  176  177  178  179  180 
211  212  213  214  215  216  73  74  75  76  77  78  73  74  75  76  
49  50  51  74  175  176  177  31  32  33  34  35  36  214  215  216  
75  76  77  78  73  74  75  76  97  98  99  52  53  54  105  106  
107  108  90  92  93  52  53  54  93  94  95  96  73  74  75  43  
44  45  74  75  76  77  78  147  148  149  150 
181  182  183  184  185  186  79  80  81  82  83  84  79  80  81  82  
83  84  79  80  145  146  147  148  149  150  181  182  183  184  185  186  
81  82  83  84  79  80  81  82  103  104  105  58  59  60  92  93  
94  95  96  98  99  58  59  60  99  100  101  102  79  80  81  49  
50  51  80  81  82  83  84  153  154  155  156 
187  188  189  190  191  192  85  86  87  88  89  90  85  86  87  88  
89  90  85  86  151  152  153  154  155  150  181  188  189  190  191  192  
87  88  89  90  85  86  87  88  89  103  104  64  65  66  98  99  
100  101  102  104  105  64  65  66  105  106  107  108  85  86  87  88  
89  85  86  87  88  89  90  159  160  161  162 
193  194  195  196  197  198  91  92  93  94  95  96  91  92  93  94  
95  96  91  92  157  158  159  160  161  150  181  194  195  196  197  198  
93  94  95  96  91  92  93  94  95  96  91  70  71  72  104  105  
106  107  108  94  95  70  71  72  93  94  95  96  91  92  93  94  
95  91  92  93  94  95  96  165  166  167  168 
199  200  201  202  203  204  97  98  99  100  101  102  97  98  99  100  
101  102  97  98  163  164  165  166  167  150  181  200  201  202  203  204  
99  100  101  102  97  98  99  73  74  75  76  77  78  100  101  102  
73  73  74  75  76  77  73  74  75  76  77  78  97  98  99  100  
101  97  98  99  100  101  102  171  172  173  174 
205  206  207  208  209  210  103  104  105  106  107  108  103  104  105  106  
107  108  103  104  169  170  171  172  173  150  181  206  207  208  209  210  
75  76  77  37  38  39  105  79  80  81  73  74  75  76  77  78  
78  79  80  81  82  83  79  80  81  82  83  84  103  104  105  106  
73  74  75  76  77  78  108  177  178  179  180 
211  212  213  214  215  216  73  74  75  76  77  78  73  74  75  76  
77  78  73  74  175  176  177  178  179  150  181  212  213  214  215  216  
81  82  83  43  44  45  75  85  86  87  79  80  81  82  83  84  
84  85  86  87  73  74  85  86  87  88  89  90  73  74  75  76  
79  80  81  82  83  84  146  147  148  149  150 
181  182  183  184  185  186  79  80  37  38  39  84  79  80  81  82  
37  38  39  80  145  146  147  148  149  150  181  182  183  184  185  186  
87  88  89  49  50  51  81  91  92  93  85  86  87  73  74  75  
76  77  78  93  73  74  91  92  93  94  95  96  79  80  73  74  
75  76  77  78  89  90  152  153  154  155  156 
187  188  189  190  191  192  85  86  43  44  45  90  85  86  87  88  
43  44  45  86  151  152  153  154  155  150  181  188  189  190  191  192  
93  94  95  96  85  86  87  97  98  99  91  40  41  42  80  81  
82  83  84  99  79  40  41  42  99  100  101  102  85  86  79  80  
81  82  83  84  95  96  158  159  160  161  162 
193  194  195  196  197  198  91  92  49  50  51  96  91  92  93  94  
49  50  51  92  157  158  159  160  161  150  181  194  195  196  197  198  
99  100  101  102  91  92  93  103  104  105  97  46  47  48  86  87  
88  89  90  105  85  46  47  48  105  106  107  108  91  92  85  86  
87  88  89  90  101  102  164  165  166  167  168 
199  200  201  202  203  204  97  98  99  100  101  102  97  98  99  100  
101  102  97  98  163  164  165  166  167  150  181  200  201  202  203  204  
105  106  107  108  97  98  99  100  101  102  103  52  53  54  92  93  
94  95  96  100  91  52  53  54  95  96  101  102  97  98  91  92  
93  94  95  96  107  108  170  171  172  173  174 
205  206  207  208  209  210  103  104  105  106  107  108  103  104  105  106  
107  108  103  104  169  170  171  1  2  3  4  5  6  208  209  210  
75  76  77  78  103  104  105  106  107  108  103  58  59  60  98  99  
100  101  102  106  73  58  59  60  77  78  107  108  103  104  97  98  
99  100  101  102  89  90  176  177  178  179  180 
211  212  213  214  215  216  73  74  75  76  77  78  73  74  75  76  
77  78  73  74  175  176  177  7  8  9  10  11  12  214  215  216  
81  82  83  84  73  74  75  76  77  78  73  64  65  66  74  75  
76  77  78  76  79  64  65  66  83  84  77  78  73  74  103  104  
105  106  107  108  95  96  146  147  148  149  150 
181  182  183  184  185  186  79  80  81  82  83  84  79  80  81  82  
83  84  79  80  145  146  147  13  14  15  16  17  18  184  185  186  
87  88  89  90  79  80  81  82  83  84  73  70  71  72  80  81  
82  83  84  82  85  70  71  72  89  90  83  84  79  80  38  38  
97  98  99  100  101  102  152  153  154  155  156 
187  188  189  190  191  192  85  86  87  88  89  90  85  86  87  88  
89  90  85  86  151  152  153  19  20  21  22  23  24  190  191  192  
93  94  95  96  85  86  87  88  89  90  79  80  81  85  86  87  
88  89  90  88  91  92  93  94  95  96  146  147  148  149  150  181  
182  183  184  185  186  108  158  159  160  161  162 
193  194  195  196  197  198  37  38  39  94  95  96  91  92  93  94  
95  96  91  92  157  158  159  25  26  27  28  29  30  196  197  198  
99  100  101  102  91  92  93  94  95  96  85  86  87  91  92  93  
94  95  96  94  97  98  99  100  101  102  152  153  154  155  156  187  
188  189  190  191  192  78  164  165  166  167  168 
199  200  201  202  203  204  43  44  45  100  101  102  97  98  99  100  
101  102  97  98  163  164  165  31  32  33  34  35  36  202  203  204  
105  106  107  108  97  98  99  100  101  102  91  92  93  97  98  99  
100  101  102  73  74  75  76  77  78  108  158  159  1  2  3  4  
5  6  196  197  198  84  170  171  172  173  174 
205  206  207  208  209  210  49  50  51  106  107  108  103  104  105  106  
107  37  38  39  169  170  171  172  173  150  181  206  207  208  209  210  
75  76  77  78  103  104  105  106  107  108  73  74  75  103  104  105  
106  107  108  79  80  81  82  83  84  163  164  165  7  8  9  10  
11  12  202  203  204  90  176  177  178  179  180 
211  212  213  214  215  216  73  74  75  76  77  78  73  74  75  76  
77  43  44  45  175  176  177  178  179  150  181  212  213  214  215  216  
81  82  83  84  73  74  75  76  77  78  79  40  41  42  83  84  
73  74  75  85  86  40  41  42  90  169  170  171  13  14  15  16  
17  18  208  209  210  96  146  147  148  149  150 
181  182  183  184  185  186  79  80  81  82  83  84  79  80  81  82  
83  49  50  51  145  146  147  148  149  150  181  182  183  184  185  186  
75  76  77  37  38  39  81  82  83  84  85  46  47  48  89  90  
79  80  81  91  92  46  47  48  96  175  176  177  19  20  21  22  
23  24  214  215  216  102  152  153  154  155  156 
187  188  189  190  191  192  85  86  87  88  89  90  85  86  87  88  
89  90  85  86  151  152  153  154  155  150  181  188  189  190  191  192  
81  82  83  43  44  45  87  88  89  90  91  52  53  54  95  96  
85  86  87  97  98  52  53  54  102  145  146  147  25  26  27  28  
29  30  184  185  186  108  158  159  160  161  162 
193  194  195  196  197  198  91  92  93  94  95  96  91  92  93  94  
95  96  91  92  157  158  159  160  161  150  181  194  195  196  197  198  
87  88  89  49  50  51  93  94  95  96  97  58  59  60  101  102  
91  92  93  103  104  58  59  60  108  151  152  153  31  32  33  34  
35  36  190  191  192  78  164  165  166  167  168 
199  200  201  202  203  204  97  98  37  38  39  102  97  98  99  100  
101  102  97  98  163  164  165  166  167  150  181  200  201  202  203  204  
93  94  95  96  97  98  99  100  101  102  103  64  65  66  107  108  
97  98  99  100  101  64  65  66  99  145  146  147  1  2  3  4  
5  6  196  197  198  84  170  171  172  173  174 
205  206  207  208  209  210  103  104  43  44  45  108  103  104  105  106  
107  108  103  104  145  146  147  1  2  3  4  5  6  184  185  186  
99  100  101  102  103  104  105  106  107  108  103  70  71  72  107  108  
103  104  105  106  107  70  71  72  105  145  146  147  7  8  9  10  
11  12  184  185  186  90  146  147  148  149  150 
211  217  218  219  220  221  222  218  49  50  51  222  217  218  219  220  
221  222  217  218  151  152  153  7  8  9  10  11  12  190  191  192  
105  106  107  108  217  218  219  220  221  217  218  219  220  221  222  217  
218  219  220  221  222  217  218  219  220  151  152  153  13  14  15  16  
17  18  190  191  192  96  152  153  154  155  156 
181  223  224  225  226  227  228  224  225  226  227  228  223  224  225  226  
227  228  223  224  157  158  159  13  14  15  16  17  18  196  197  198  
225  226  227  228  223  224  225  226  227  223  224  225  226  227  228  223  
224  225  226  227  228  223  224  225  226  157  158  159  19  20  21  22  
23  24  196  197  198  102  158  159  160  161  162 
187  229  230  231  232  233  234  230  231  232  233  234  229  230  231  232  
233  234  229  230  163  164  165  19  20  21  22  23  24  202  203  204  
231  232  233  234  229  230  231  232  233  229  230  231  232  233  234  229  
230  231  232  233  234  229  230  231  232  163  164  165  25  26  27  28  
29  30  202  203  204  108  164  165  166  167  168 
193  235  236  237  238  239  240  236  237  238  239  240  235  236  237  238  
239  240  235  236  169  170  171  25  26  27  28  29  30  208  209  210  
237  238  239  240  235  236  237  238  239  235  236  237  238  239  240  235  
236  237  238  239  240  235  236  237  238  169  170  171  31  32  33  34  
35  36  208  209  210  169  170  171  172  173  174 
199  241  242  243  244  245  246  242  243  244  245  246  241  242  243  244  
245  246  241  242  175  176  177  31  32  33  34  35  36  214  215  216  
243  244  245  246  241  242  243  244  245  241  242  243  244  245  246  241  
242  243  244  245  246  241  242  243  244  175  176  177  178  179  180  211  
212  213  214  215  216  175  176  177  178  179  180 
44  247  248  249  250  251  252  248  249  250  251  252  247  248  249  250  
251  252  247  248  249  250  251  252  44  44  44  44  251  252  247  248  
249  250  251  252  247  248  249  250  251  247  248  249  250  251  252  247  
248  249  250  251  252  247  248  249  250  251  252  247  248  249  44  44  
252  247  248  249  250  251  252  247  248  249  44


21 22 27 28 33 34 37 38 39 40 41 42 43 44 45 46 47 48 49 50 51 52 53 54 55 56 57 58 59 60 61 62 63 64 65 66 67 68 69 70 71 72 109 110 111 112 113 114 150 156 162 168 174 180 181 187 193 199 205 211 247 248 249 250 251 252

