Map_Squares_Grass.png 6 24 96 384

75 60 16 16

grass_lvl_music.ogg

19  20  21  19  20  21  19  20  21  19  20  21  19  20  21  19  
20  21  19  20  21  19  20  21  19  20  21  19  20  21  19  20  
21  19  20  21  19  20  21  19  20  21  19  20  21  19  20  21  
19  20  21  19  20  21  19  20  21  19  20  21  19  20  21  19  
20  21  19  20  21  19  20  21  19  20  21 
25  26  27  25  26  27  25  26  27  25  26  27  25  26  27  25  
26  27  25  26  27  25  26  27  25  26  27  25  26  27  25  26  
27  25  26  27  25  26  27  25  26  27  25  26  27  25  26  27  
25  26  27  25  26  27  25  26  27  25  26  27  25  26  27  25  
26  27  25  26  27  25  26  27  25  26  27 
31  32  33  31  32  33  31  32  33  31  32  33  31  32  33  31  
32  33  31  32  33  31  32  33  31  32  33  31  32  33  31  32  
33  31  32  33  31  32  33  31  32  33  31  32  33  31  32  33  
31  32  33  31  32  33  31  32  33  31  32  33  31  32  33  31  
32  33  31  32  33  31  32  33  31  32  33 
19  20  21  1  2  3  1  2  3  1  2  3  1  2  3  1  
2  3  1  2  3  1  2  3  1  2  3  1  2  3  1  2  
3  1  2  3  1  2  3  1  2  3  1  2  3  1  2  3  
1  2  3  1  2  3  1  2  3  1  2  3  1  2  3  1  
2  3  1  2  3  1  2  3  19  20  21 
25  26  27  7  8  9  7  8  9  7  8  9  7  8  9  7  
8  9  7  8  9  7  8  9  7  8  9  7  8  9  7  8  
9  7  8  9  7  8  9  7  8  9  7  8  9  7  8  9  
7  8  9  7  8  9  7  8  9  7  8  9  7  8  9  7  
8  9  7  8  9  7  8  9  25  26  27 
31  32  33  13  14  15  13  14  15  13  14  15  13  14  15  13  
14  15  13  14  15  13  14  15  13  14  15  13  14  15  13  14  
15  13  14  15  13  14  15  13  14  15  13  14  15  13  14  15  
13  14  15  13  14  15  13  14  15  13  14  15  13  14  15  13  
14  15  13  14  15  13  14  15  31  32  33 
19  20  21  1  2  3  1  2  3  1  2  3  1  2  3  1  
2  3  1  2  3  1  2  3  1  2  3  1  2  3  1  2  
3  1  2  3  1  2  3  1  2  3  1  2  3  1  2  3  
1  2  3  1  2  3  1  2  3  1  2  3  73  74  75  76  
77  78  1  2  3  1  2  3  19  20  21 
25  26  27  7  8  9  7  8  9  7  8  9  7  8  9  7  
8  9  7  8  9  7  8  9  7  8  9  7  8  9  7  8  
9  7  8  9  7  8  9  7  8  9  7  8  9  7  8  9  
7  8  9  7  8  9  7  8  9  7  8  9  79  80  81  82  
83  84  7  8  9  7  8  9  25  26  27 
31  32  33  13  14  15  13  14  15  13  14  15  13  14  15  13  
14  15  13  14  15  13  14  15  13  14  15  13  14  15  13  14  
15  13  14  15  13  14  15  13  14  15  13  14  15  13  14  15  
13  14  15  13  14  15  13  14  15  13  14  15  85  86  87  88  
89  90  13  14  15  13  14  15  31  32  33 
19  20  21  1  2  3  1  2  3  1  2  3  1  2  3  1  
2  3  1  2  3  1  2  73  74  75  76  77  78  3  1  2  
3  1  2  3  1  2  3  1  2  3  1  2  1  1  2  3  
1  2  3  1  2  19  20  21  3  1  2  3  91  92  93  94  
95  96  1  2  3  1  2  3  19  20  21 
25  26  27  7  8  9  7  8  9  7  8  9  7  8  9  7  
8  9  7  8  9  7  8  79  80  81  82  83  84  9  7  8  
9  7  8  9  7  8  9  7  8  9  7  8  7  7  8  9  
7  8  9  7  8  25  26  27  9  7  8  9  97  98  99  100  
101  102  7  8  9  7  8  9  25  26  27 
31  32  33  13  14  15  13  14  15  13  14  15  13  14  15  13  
14  15  13  14  15  13  14  85  86  87  88  89  90  15  13  14  
15  13  14  15  13  14  15  13  14  15  13  14  13  13  14  15  
13  14  15  13  14  31  32  33  15  13  14  15  103  104  105  106  
107  108  13  14  15  13  14  15  31  32  33 
19  20  21  1  2  3  1  2  3  1  2  3  1  2  3  1  
2  3  1  2  3  1  2  91  92  93  94  95  96  3  1  2  
3  1  2  3  1  2  3  1  2  3  1  2  3  1  2  3  
1  2  3  1  2  19  20  21  3  1  2  3  1  2  3  1  
2  3  1  2  3  1  2  3  19  20  21 
25  26  27  7  8  9  7  8  9  7  8  9  7  8  9  7  
8  9  7  8  9  7  8  97  98  99  100  101  102  9  7  8  
9  7  8  9  7  8  9  7  8  9  7  8  9  7  8  9  
7  8  9  7  8  25  26  27  9  7  8  9  7  8  9  7  
8  9  7  8  9  7  8  9  25  26  27 
31  32  33  13  14  15  13  14  15  13  14  15  13  14  15  13  
14  15  13  14  15  13  14  103  104  105  106  107  108  15  13  14  
15  13  14  15  13  14  15  13  14  15  13  14  15  13  14  15  
13  14  15  13  14  31  32  33  15  13  14  15  13  14  15  13  
14  15  13  14  15  13  14  15  31  32  33 
19  20  21  1  2  3  1  2  3  1  2  3  1  2  3  1  
2  3  1  2  3  1  2  3  1  2  3  1  2  3  1  2  
3  1  2  3  1  2  3  55  56  57  55  56  57  55  56  57  
55  56  57  55  56  57  55  56  57  55  56  57  55  56  57  55  
56  57  55  56  57  1  2  3  19  20  21 
25  26  27  7  8  9  7  8  9  7  8  9  7  8  9  7  
8  9  7  8  9  7  8  9  7  8  9  7  8  9  7  8  
9  7  8  9  7  8  9  61  62  63  61  62  63  61  62  63  
61  62  63  61  62  63  61  62  63  61  62  63  61  62  63  61  
62  63  61  62  63  7  8  9  25  26  27 
31  32  33  13  14  15  13  14  15  13  14  15  13  14  15  13  
14  15  13  14  15  13  14  15  13  14  15  13  14  15  13  14  
15  13  14  15  13  14  15  67  68  69  67  68  69  67  68  69  
67  68  69  67  68  69  67  68  69  67  68  69  67  68  69  67  
68  69  67  68  69  13  14  15  31  32  33 
19  20  21  1  2  3  1  2  3  1  2  3  1  2  3  1  
2  3  1  2  3  1  2  3  1  2  3  1  2  3  1  2  
3  1  2  3  1  2  3  1  2  3  1  2  3  1  2  3  
1  2  3  1  2  3  1  2  1  1  2  3  1  2  3  1  
2  3  1  2  3  1  2  3  19  20  21 
25  26  27  7  8  9  7  8  9  7  8  9  7  8  9  7  
19  20  21  8  9  7  8  9  7  8  9  7  8  9  7  8  
9  7  8  9  7  8  9  7  8  9  7  8  9  7  8  9  
7  8  9  7  8  9  7  8  7  7  8  9  7  8  9  7  
8  9  7  8  9  7  8  9  25  26  27 
31  32  33  13  14  15  13  14  15  13  14  15  13  14  15  13  
25  26  27  14  15  13  14  15  13  14  15  13  14  15  13  14  
15  13  14  15  13  14  15  13  14  15  13  14  15  13  14  15  
13  14  15  13  14  15  13  14  13  13  14  15  13  14  15  13  
14  15  13  14  15  13  14  15  31  32  33 
19  20  21  1  2  3  1  2  3  1  2  3  1  2  3  1  
31  32  33  2  3  1  2  3  1  2  3  1  2  3  1  2  
3  1  2  3  1  2  3  1  2  3  1  2  3  1  2  3  
1  2  3  1  2  3  1  2  3  1  2  3  1  2  3  1  
2  3  1  2  3  1  2  3  19  20  21 
25  26  27  7  8  9  7  8  9  7  8  9  7  8  9  7  
19  20  21  8  9  7  8  9  7  8  9  7  8  9  7  8  
9  7  8  9  7  8  9  73  74  75  76  77  78  7  8  9  
7  8  9  7  8  9  7  8  9  7  8  9  7  8  9  7  
8  9  7  8  9  7  8  9  25  26  27 
31  32  33  13  14  15  13  14  15  13  14  15  13  14  15  13  
25  26  27  14  15  13  14  15  13  14  15  13  14  15  13  14  
15  13  14  15  13  14  15  79  80  81  82  83  84  13  14  15  
13  14  15  13  14  15  13  14  15  13  14  15  13  14  15  13  
14  15  13  14  15  13  14  15  31  32  33 
19  20  21  1  2  3  1  2  3  1  2  3  1  2  3  1  
31  32  33  2  3  1  2  3  1  2  3  1  2  3  1  2  
3  1  2  3  1  2  3  85  86  87  88  89  90  1  2  3  
1  2  3  1  2  3  1  2  3  1  2  3  1  2  3  1  
2  3  1  2  3  1  2  3  19  20  21 
25  26  27  7  8  9  7  8  9  7  8  9  7  8  9  7  
19  20  21  8  9  7  8  9  7  8  9  7  8  9  7  8  
9  7  8  9  7  8  9  91  92  93  94  95  96  7  8  9  
7  8  9  7  8  9  7  8  9  7  8  9  7  8  9  7  
8  9  7  8  9  7  8  9  25  26  27 
31  32  33  13  14  15  13  73  74  75  76  77  78  14  15  13  
25  26  27  14  15  13  14  15  13  14  15  13  14  15  13  14  
15  13  14  15  13  14  15  97  98  99  100  101  102  13  14  15  
13  14  15  13  14  15  13  14  15  13  14  15  13  14  15  13  
14  15  13  14  15  13  14  15  31  32  33 
19  20  21  1  2  3  1  79  80  81  82  83  84  2  3  1  
31  32  33  2  3  1  2  3  1  2  3  1  2  3  1  2  
3  1  2  3  1  2  3  103  104  105  106  107  108  1  2  3  
1  2  3  1  2  3  1  2  3  1  2  3  1  2  3  1  
2  3  1  2  3  1  2  3  19  20  21 
25  26  27  7  8  9  7  85  86  87  88  89  90  8  9  7  
19  20  21  8  9  7  8  9  7  8  9  7  8  9  7  8  
9  7  8  9  7  8  9  7  8  9  7  8  9  7  8  9  
7  8  9  7  8  9  7  8  9  7  8  9  7  8  9  7  
8  9  7  8  9  7  8  9  25  26  27 
31  32  33  13  14  15  13  91  92  93  94  95  96  14  15  13  
25  26  27  55  56  57  55  56  57  55  56  57  55  56  57  14  
15  13  14  15  13  14  15  13  14  15  13  14  15  13  14  15  
13  14  15  13  14  15  13  14  15  13  14  15  13  14  15  13  
14  15  13  14  15  13  14  15  31  32  33 
19  20  21  1  2  3  1  97  98  99  100  101  102  2  3  1  
31  32  33  61  62  63  61  62  63  61  62  63  61  62  63  2  
3  1  2  3  1  2  3  1  2  3  1  2  3  1  2  3  
1  2  3  1  2  3  1  2  3  1  2  3  1  2  3  1  
2  3  1  2  3  1  2  3  19  20  21 
25  26  27  7  8  9  7  103  104  105  106  107  108  8  9  7  
19  20  21  67  68  69  67  68  69  67  68  69  67  68  69  8  
9  7  8  9  7  8  9  7  8  9  7  8  9  7  8  9  
7  8  9  7  8  9  7  8  9  7  8  9  7  8  9  7  
8  9  7  8  9  7  8  9  25  26  27 
31  32  33  13  14  15  13  14  15  13  14  15  13  14  15  13  
25  26  27  14  15  13  14  15  13  14  15  13  14  15  13  14  
15  13  14  15  13  14  15  13  14  15  13  14  15  13  14  15  
13  14  15  13  14  15  13  14  15  13  14  15  13  14  15  13  
14  15  13  14  15  13  14  15  31  32  33 
19  20  21  1  2  3  1  2  3  1  2  3  1  2  3  1  
31  32  33  2  3  1  2  3  1  2  3  1  2  3  1  2  
3  1  2  3  1  2  3  1  2  3  1  2  3  1  2  3  
1  2  3  1  2  3  1  2  3  1  2  3  1  2  3  1  
2  3  1  2  3  1  2  3  19  20  21 
25  26  27  7  8  9  7  8  9  7  8  9  7  8  9  7  
19  20  21  8  9  7  8  9  7  8  9  7  8  9  7  8  
9  7  8  9  7  8  9  7  8  9  7  8  9  7  8  9  
7  8  9  7  8  9  7  73  74  75  76  77  78  8  9  7  
8  9  7  8  9  7  8  9  25  26  27 
31  32  33  13  14  15  13  14  15  13  14  15  13  14  15  13  
25  26  27  14  15  13  14  15  13  14  15  13  14  15  13  14  
15  13  14  15  13  14  15  13  14  15  13  14  15  13  14  15  
13  14  15  13  14  15  13  79  80  81  82  83  84  14  15  13  
14  15  13  14  15  13  14  15  31  32  33 
19  20  21  1  2  3  1  2  3  1  2  3  1  2  3  1  
31  32  33  2  3  1  2  3  73  74  75  76  77  78  1  2  
3  1  2  3  1  2  3  1  2  3  1  2  3  1  2  3  
1  2  3  1  2  3  1  85  86  87  88  89  90  2  3  1  
2  3  1  2  3  1  2  3  19  20  21 
25  26  27  7  8  9  7  8  9  7  8  9  7  8  9  7  
19  20  21  8  9  7  8  9  79  80  81  82  83  84  7  8  
9  7  8  9  7  8  9  7  8  9  7  8  9  7  8  9  
7  8  9  7  8  9  7  91  92  93  94  95  96  8  9  7  
8  9  7  8  9  7  8  9  25  26  27 
31  32  33  13  14  15  13  14  15  13  14  15  13  14  15  13  
25  26  27  14  15  13  14  15  85  86  87  88  89  90  13  14  
15  13  14  15  13  14  15  13  14  15  13  14  15  13  14  15  
13  14  15  13  14  15  13  97  98  99  100  101  102  14  15  13  
14  15  13  14  15  13  14  15  31  32  33 
19  20  21  1  2  3  1  2  3  1  2  3  1  2  3  1  
31  32  33  2  3  1  2  3  91  92  93  94  95  96  1  2  
3  1  2  3  1  2  3  1  2  3  1  2  3  1  2  3  
1  2  3  1  2  3  1  103  104  105  106  107  108  2  3  1  
2  3  1  2  3  1  2  3  19  20  21 
25  26  27  7  8  9  7  8  9  7  8  9  7  8  9  7  
19  20  21  8  9  7  8  9  97  98  99  100  101  102  7  8  
9  7  8  9  7  8  9  7  8  9  7  8  9  7  8  9  
7  8  9  7  8  9  7  8  9  7  8  9  7  8  9  7  
8  9  7  8  9  7  8  9  25  26  27 
31  32  33  13  14  15  13  14  15  13  14  15  13  14  15  13  
25  26  27  14  15  13  14  15  103  104  105  106  107  108  13  14  
15  13  14  15  13  14  15  13  14  15  13  14  15  13  14  15  
13  14  15  13  14  15  13  14  15  13  14  15  13  14  15  13  
14  15  13  14  15  13  14  15  31  32  33 
19  20  21  1  2  3  1  2  3  1  2  3  1  2  3  1  
31  32  33  2  3  1  2  3  1  2  3  1  2  3  1  2  
3  1  2  3  1  2  3  1  2  3  1  2  3  1  2  3  
1  2  3  1  2  3  1  2  3  1  2  3  1  2  3  1  
2  3  1  2  3  1  2  3  19  20  21 
25  26  27  7  8  9  7  8  9  7  8  9  7  8  9  7  
8  9  7  8  9  7  8  9  7  8  9  7  8  9  7  8  
9  7  8  9  7  8  9  7  8  9  7  8  9  7  8  9  
7  8  9  7  8  9  7  8  9  7  8  9  7  8  9  7  
8  9  7  8  9  7  8  9  25  26  27 
31  32  33  13  14  15  13  14  15  13  14  15  13  14  15  13  
14  15  13  14  15  13  14  15  13  14  15  13  14  15  13  14  
15  13  14  15  13  14  15  55  56  57  55  56  57  55  56  57  
55  56  57  55  56  19  20  21  57  55  56  57  55  56  57  55  
56  57  55  56  57  13  14  15  31  32  33 
19  20  21  1  2  3  1  2  3  1  2  3  1  2  3  1  
2  3  1  2  3  1  2  3  1  2  3  1  2  3  1  2  
3  1  2  3  1  2  3  61  62  63  61  62  63  61  62  63  
61  62  63  61  62  25  26  27  63  61  62  63  61  62  63  61  
62  63  61  62  63  1  2  3  19  20  21 
25  26  27  7  8  9  7  8  9  7  8  9  7  8  9  7  
8  9  7  8  9  7  8  9  7  8  9  7  8  9  7  8  
9  7  8  9  7  8  9  67  68  69  67  68  69  67  68  69  
67  68  69  67  68  31  32  33  69  67  68  69  67  68  69  67  
68  69  67  68  69  7  8  9  25  26  27 
31  32  33  13  14  15  13  14  15  13  14  15  13  14  15  13  
14  15  13  14  15  13  14  15  13  14  15  13  14  15  13  14  
15  13  14  15  13  14  15  13  14  15  13  14  15  13  14  15  
13  14  15  13  14  19  20  21  15  13  14  15  13  14  15  13  
14  15  13  14  15  13  14  15  31  32  33 
19  20  21  1  2  3  1  2  3  1  2  3  1  2  3  1  
2  3  1  2  3  1  2  3  1  2  3  1  2  3  1  2  
3  1  2  3  1  2  3  1  2  3  1  2  3  1  2  3  
1  2  3  1  2  25  26  27  3  1  2  3  1  2  3  1  
2  3  1  2  3  1  2  3  19  20  21 
25  26  27  7  8  9  7  8  9  7  8  9  7  73  74  75  
76  77  78  8  9  7  8  9  7  8  9  7  8  9  7  8  
9  7  8  9  7  8  9  7  8  9  7  8  9  7  8  9  
7  8  9  7  8  31  32  33  9  7  8  9  7  8  9  7  
8  9  7  8  9  7  8  9  25  26  27 
31  32  33  13  14  15  13  14  15  13  14  15  13  79  80  81  
82  83  84  14  15  13  14  15  13  14  15  13  14  15  13  14  
15  13  14  15  13  14  15  13  14  15  13  14  15  13  14  15  
13  14  15  13  14  19  20  21  15  13  14  15  13  14  15  13  
14  15  13  14  15  13  14  15  31  32  33 
19  20  21  1  2  3  1  2  3  1  2  3  1  85  86  87  
88  89  90  2  3  1  2  3  1  2  3  1  2  3  1  2  
3  1  2  3  1  2  3  1  2  3  1  2  3  1  2  3  
1  2  3  1  2  25  26  27  3  1  2  3  1  2  73  74  
75  76  77  78  3  1  2  3  19  20  21 
25  26  27  7  8  9  7  8  9  7  8  9  7  91  92  93  
94  95  96  8  9  7  8  9  7  8  9  7  8  9  7  8  
9  7  8  9  7  8  9  7  8  9  7  8  9  7  8  9  
7  8  9  7  8  31  32  33  9  7  8  9  7  8  79  80  
81  82  83  84  9  7  8  9  25  26  27 
31  32  33  13  14  15  13  14  15  13  14  15  13  97  98  99  
100  101  102  14  15  13  14  15  13  14  15  13  14  15  13  14  
15  13  14  15  13  14  15  13  14  15  13  14  15  13  14  15  
13  14  15  13  14  15  13  14  15  13  14  15  13  14  85  86  
87  88  89  90  15  13  14  15  31  32  33 
19  20  21  1  2  3  1  2  3  1  2  3  1  103  104  105  
106  107  108  2  3  1  2  3  1  2  3  1  2  3  1  2  
3  1  2  3  1  2  3  1  2  3  1  2  3  1  2  3  
1  2  3  1  2  3  1  2  3  1  2  3  1  2  91  92  
93  94  95  96  3  1  2  3  19  20  21 
25  26  27  7  8  9  7  8  9  7  8  9  7  8  9  7  
8  9  7  8  9  7  8  9  7  8  9  7  8  9  7  8  
9  7  8  9  7  8  9  7  8  9  7  8  9  7  8  9  
7  8  9  7  8  9  7  8  9  7  8  9  7  8  97  98  
99  100  101  102  9  7  8  9  25  26  27 
31  32  33  13  14  15  13  14  15  13  14  15  13  14  15  13  
14  15  13  14  15  13  14  15  13  14  15  13  14  15  13  14  
15  13  14  15  13  14  15  13  14  15  13  14  15  13  14  15  
13  14  15  13  14  15  13  14  15  13  14  15  13  14  103  104  
105  106  107  108  15  13  14  15  31  32  33 
55  56  57  55  56  57  55  56  57  55  56  57  55  56  57  55  
56  57  55  56  57  55  56  57  55  56  57  55  56  57  55  56  
57  55  56  57  55  56  57  55  56  57  55  56  57  55  56  57  
55  56  57  55  56  57  55  56  57  55  56  57  55  56  57  55  
56  57  55  56  57  55  56  57  55  56  57 
61  62  63  61  62  63  61  62  63  61  62  63  61  62  63  61  
62  63  61  62  63  61  62  63  61  62  63  61  62  63  61  62  
63  61  62  63  61  62  63  61  62  63  61  62  63  61  62  63  
61  62  63  61  62  63  61  62  63  61  62  63  61  62  63  61  
62  63  61  62  63  61  62  63  61  62  63 
67  68  69  67  68  69  67  68  69  67  68  69  67  68  69  67  
68  69  67  68  69  67  68  69  67  68  69  67  68  69  67  68  
69  67  68  69  67  68  69  67  68  69  67  68  69  67  68  69  
67  68  69  67  68  69  67  68  69  67  68  69  67  68  69  67  
68  69  67  68  69  67  68  69  67  68  69

19 20 21 25 26 27 31 32 33
55 56 57 61 62 63 67 68 69
